1,0
2,0
3,0
4,0
5,2
6,2
7,2
8,2
9,2
10,4
11,4
12,4
13,6
14,6
15,8
16,8
17,10
18,10
19,10
20,12
21,12
22,12
23,12
24,12
25,16
26,18
27,18
28,18
29,20
30,22
31,22
32,22
33,22
34,24
35,26
36,26
37,28
38,28
39,30
40,32
41,34
42,34
43,34
44,34
45,36
46,36
47,36
48,36
49,36
50,40
51,42
52,44
53,46
54,46
55,48
56,48
57,48
58,50
59,50
60,52
61,54
62,54
63,54
64,54
65,62
66,62
67,62
68,64
69,64
70,66
71,66
72,66
73,68
74,70
75,74
76,74
77,74
78,76
79,76
80,78
81,78
82,80
83,80
84,80
85,88
86,88
87,90
88,90
89,92
90,94
91,96
92,96
93,96
94,96
95,98
96,98
97,100
98,100
99,100
100,104
101,106
102,108
103,108
104,110
105,112
106,114
107,114
108,114
109,116
110,118
111,120
112,120
113,122
114,122
115,124
116,126
117,128
118,128
119,130
120,132
121,132
122,134
123,136
124,136
125,142
126,142
127,142
128,142
129,142
130,150
131,150
132,150
133,150
134,150
135,152
136,154
137,156
138,156
139,156
140,158
141,158
142,158
143,160
144,160
145,168
146,170
147,170
148,172
149,174
150,178
151,178
152,178
153,180
154,180
155,182
156,184
157,186
158,186
159,188
160,190
161,190
162,190
163,190
164,192
165,194
166,194
167,194
168,194
169,198
170,206
171,206
172,206
173,208
174,210
175,214
176,214
177,214
178,216
179,216
180,218
181,220
182,222
183,224
184,224
185,232
186,232
187,234
188,234
189,234
190,236
191,236
192,236
193,238
194,240
195,248
196,248
197,250
198,250
199,250
200,254
201,254
202,256
203,258
204,260
205,268
206,268
207,268
208,270
209,270
210,272
211,272
212,274
213,274
214,274
215,276
216,276
217,276
218,278
219,280
220,282
221,290
222,292
223,292
224,292
225,296
226,298
227,298
228,298
229,300
230,302
231,302
232,304
233,306
234,308
235,310
236,310
237,310
238,312
239,312
240,314
241,316
242,316
243,316
244,318
245,320
246,322
247,324
248,324
249,324
250,330
251,330
252,330
253,330
254,330
255,338
256,338
257,340
258,340
259,342
260,350
261,352
262,352
263,352
264,352
265,360
266,360
267,362
268,362
269,364
270,366
271,366
272,368
273,370
274,372
275,376
276,376
277,378
278,378
279,378
280,380
281,382
282,382
283,382
284,382
285,384
286,386
287,388
288,388
289,392
290,400
291,402
292,404
293,406
294,406
295,408
296,410
297,410
298,412
299,414
300,418
301,418
302,418
303,420
304,420
305,428
306,430
307,430
308,430
309,430
310,432
311,432
312,434
313,436
314,438
315,440
316,440
317,442
318,444
319,446
320,448
321,448
322,448
323,450
324,450
325,464
326,464
327,466
328,468
329,468
330,470
331,470
332,470
333,472
334,472
335,474
336,474
337,476
338,480
339,482
340,490
341,490
342,490
343,490
344,490
345,492
346,494
347,494
348,496
349,498
350,502
351,504
352,504
353,506
354,506
355,508
356,510
357,512
358,512
359,512
360,514
361,514
362,516
363,516
364,518
365,526
366,528
367,528
368,528
369,530
370,538
371,540
372,540
373,542
374,544
375,550
376,550
377,558
378,558
379,558
380,560
381,560
382,560
383,560
384,560
385,562
386,564
387,564
388,566
389,568
390,576
391,578
392,578
393,578
394,580
395,582
396,582
397,584
398,584
399,584
400,588
401,590
402,590
403,592
404,594
405,596
406,598
407,600
408,602
409,604
410,612
411,614
412,614
413,614
414,614
415,616
416,618
417,618
418,618
419,618
420,620
421,622
422,622
423,622
424,624
425,638
426,638
427,640
428,640
429,642
430,644
431,644
432,644
433,646
434,646
435,654
436,656
437,656
438,658
439,658
440,660
441,660
442,668
443,668
444,670
445,678
446,678
447,680
448,680
449,682
450,686
451,688
452,690
453,690
454,690
455,698
456,698
457,700
458,702
459,704
460,706
461,708
462,708
463,708
464,710
465,712
466,714
467,714
468,716
469,716
470,718
471,720
472,720
473,720
474,720
475,724
476,726
477,728
478,728
479,728
480,730
481,738
482,740
483,740
484,740
485,748
486,748
487,748
488,750
489,750
490,752
491,752
492,754
493,762
494,764
495,766
496,766
497,766
498,766
499,766
500,772
501,772
502,772
503,772
504,772
505,780
506,780
507,784
508,784
509,786
510,794
511,796
512,796
513,796
514,798
515,800
516,800
517,800
518,802
519,804
520,812
521,814
522,816
523,816
524,816
525,820
526,820
527,822
528,822
529,822
530,830
531,830
532,830
533,838
534,840
535,842
536,842
537,842
538,844
539,844
540,846
541,848
542,848
543,850
544,852
545,860
546,862
547,862
548,864
549,866
550,870
551,872
552,872
553,872
554,874
555,882
556,882
557,884
558,884
559,886
560,888
561,890
562,892
563,892
564,892
565,900
566,900
567,900
568,900
569,902
570,904
571,904
572,906
573,906
574,908
575,912
576,912
577,914
578,918
579,920
580,928
581,928
582,930
583,932
584,934
585,942
586,944
587,944
588,944
589,944
590,946
591,948
592,950
593,952
594,952
595,960
596,962
597,962
598,964
599,964
600,968
601,970
602,970
603,970
604,970
605,972
606,974
607,974
608,974
609,976
610,984
611,986
612,988
613,990
614,990
615,998
616,998
617,1000
618,1000
619,1000
620,1002
621,1002
622,1002
623,1004
624,1006
625,1014
626,1016
627,1016
628,1018
629,1026
630,1028
631,1028
632,1028
633,1028
634,1030
635,1032
636,1034
637,1036
638,1038
639,1038
640,1040
641,1042
642,1042
643,1042
644,1042
645,1044
646,1046
647,1046
648,1046
649,1046
650,1060
651,1060
652,1060
653,1062
654,1064
655,1066
656,1068
657,1070
658,1070
659,1070
660,1072
661,1074
662,1074
663,1082
664,1082
665,1084
666,1086
667,1088
668,1088
669,1088
670,1090
671,1092
672,1092
673,1094
674,1096
675,1100
676,1104
677,1106
678,1108
679,1110
680,1118
681,1118
682,1118
683,1118
684,1118
685,1126
686,1126
687,1128
688,1128
689,1136
690,1138
691,1138
692,1140
693,1140
694,1140
695,1142
696,1144
697,1152
698,1154
699,1156
700,1160
701,1162
702,1164
703,1166
704,1166
705,1168
706,1170
707,1172
708,1172
709,1174
710,1176
711,1176
712,1178
713,1178
714,1180
715,1188
716,1188
717,1188
718,1188
719,1188
720,1190
721,1190
722,1190
723,1192
724,1194
725,1208
726,1208
727,1208
728,1210
729,1210
730,1218
731,1220
732,1222
733,1224
734,1224
735,1226
736,1226
737,1226
738,1228
739,1228
740,1236
741,1238
742,1240
743,1240
744,1240
745,1248
746,1250
747,1250
748,1252
749,1252
750,1258
751,1258
752,1258
753,1258
754,1266
755,1268
756,1268
757,1270
758,1270
759,1270
760,1272
761,1274
762,1274
763,1276
764,1276
765,1284
766,1284
767,1286
768,1286
769,1288
770,1290
771,1292
772,1294
773,1296
774,1296
775,1300
776,1302
777,1304
778,1306
779,1308
780,1316
781,1316
782,1318
783,1320
784,1320
785,1328
786,1328
787,1328
788,1330
789,1330
790,1332
791,1334
792,1334
793,1342
794,1344
795,1352
796,1352
797,1354
798,1354
799,1356
800,1360
801,1362
802,1364
803,1366
804,1366
805,1368
806,1370
807,1372
808,1374
809,1376
810,1378
811,1378
812,1380
813,1380
814,1382
815,1384
816,1386
817,1386
818,1388
819,1390
820,1398
821,1400
822,1402
823,1402
824,1402
825,1406
826,1406
827,1406
828,1406
829,1408
830,1410
831,1412
832,1414
833,1416
834,1416
835,1418
836,1418
837,1418
838,1418
839,1418
840,1420
841,1424
842,1426
843,1428
844,1428
845,1442
846,1442
847,1442
848,1444
849,1444
850,1458
851,1460
852,1460
853,1462
854,1464
855,1466
856,1466
857,1468
858,1470
859,1470
860,1472
861,1474
862,1474
863,1474
864,1474
865,1482
866,1484
867,1488
868,1488
869,1488
870,1496
871,1498
872,1500
873,1502
874,1502
875,1508
876,1510
877,1512
878,1512
879,1514
880,1516
881,1518
882,1518
883,1518
884,1526
885,1528
886,1528
887,1528
888,1530
889,1530
890,1538
891,1538
892,1538
893,1538
894,1540
895,1542
896,1542
897,1544
898,1546
899,1548
900,1552
901,1560
902,1562
903,1562
904,1564
905,1572
906,1572
907,1572
908,1572
909,1574
910,1582
911,1582
912,1582
913,1582
914,1584
915,1592
916,1594
917,1594
918,1596
919,1596
920,1598
921,1598
922,1600
923,1602
924,1602
925,1616
926,1616
927,1616
928,1618
929,1620
930,1622
931,1622
932,1624
933,1624
934,1624
935,1632
936,1634
937,1636
938,1636
939,1638
940,1640
941,1642
942,1644
943,1646
944,1646
945,1648
946,1648
947,1648
948,1648
949,1656
950,1660
951,1662
952,1664
953,1666
954,1668
955,1670
956,1670
957,1672
958,1672
959,1674
960,1676
961,1676
962,1684
963,1684
964,1686
965,1694
966,1694
967,1694
968,1694
969,1696
970,1704
971,1704
972,1704
973,1704
974,1704
975,1718
976,1720
977,1722
978,1722
979,1724
980,1726
981,1728
982,1728
983,1728
984,1730
985,1738
986,1746
987,1746
988,1748
989,1748
990,1750
991,1750
992,1750
993,1750
994,1750
995,1752
996,1752
997,1754
998,1754
999,1756
1000,1762
